calibration:
  D: [-0.29787550837218946, 0.06532710495451341, -0.0013404444214621958, -0.00031497430825512074, 0.0]
  K: [347.5678007051093, 0.0, 301.55053650889255, 0.0, 348.43459961678656, 247.15799261222992, 0.0, 0.0, 1.0]
  R: [1.0, 0.0, 0.0, 0.0, 1.0, 0.0, 0.0, 0.0, 1.0]
  P: [243.13233947753906, 0.0, 301.3268960429741, 0.0, 0.0, 286.6322326660156, 249.46927121507542, 0.0, 0.0, 0.0, 1.0, 0.0]

image:
  width: 640
  height: 480


narrow_stereo:
  cameraMatrix: [[347.567801, 0.000000, 301.550537], [0.000000, 348.434600, 247.157993],[0.000000, 0.000000, 1.000000]]
  distortion: [-0.297876, 0.065327, -0.001340, -0.000315, 0.000000]
  rectification: [[1.000000, 0.000000, 0.000000], [0.000000, 1.000000, 0.000000], [0.000000, 0.000000, 1.000000]]
  projection: [[243.132339, 0.000000, 301.326896, 0.000000],[0.000000, 286.632233, 249.469271, 0.000000],[0.000000, 0.000000, 1.000000, 0.000000]]

xycar:
  cameraHeight: 0.145
  distance: 0.18
  originHeight: 0.035
  wheelDistance: 0.27